                PCT: Point cloud transformer                                                                                              195
                Table 3 Comparison on the ShaperNet part segmentation dataset. pIoU means part-average Intersection-over-Union. All results quoted are
                taken from the cited papers
                    Method        pIoU   air-  bag   cap  car   chair  ear-  guitar knife lamp laptop motor- mug pistol rocket skate- table
                                        plane                         phone                             bike                      board
                 PointNet [1]     83.7  83.4  78.7  82.5  74.9  89.6  73.0   91.5   85.9  80.8   95.3   65.2   93.0  81.2   57.9   72.8  80.6
                 Kd-Net [34]      82.3  80.1  74.6  74.3  70.3  88.6  73.5   90.2   87.2  81.0   94.9   57.4   86.7  78.1   51.8   69.9  80.3
                 SO-Net [33]      84.9  82.8  77.8  88.0  77.3  90.6  73.5   90.7   83.9  82.8   94.8   69.1   94.2  80.9   53.1   72.9  83.0
                 PointNet++ [21]  85.1  82.4  79.0  87.7  77.3  90.8  71.8   91.0   85.9  83.7   95.3   71.6   94.1  81.3   58.7   76.4  82.6
                 PCNN[4]          85.1  82.4  80.1  85.5  79.5  90.8  73.2   91.3   86.0  85.0   95.7   73.2   94.8  83.3   51.0   75.0  81.8
                 DGCNN[26]        85.2  84.0  83.4  86.7  77.8  90.6  74.7   91.2   87.5  82.8   95.7   66.3   94.9  81.1   63.5   74.5  82.6
                 P2Sequence [38]  85.2  82.6  81.8  87.5  77.3  90.8  77.1   91.1   86.9  83.9   95.7   70.8   94.6  79.3   58.1   75.2  82.8
                 PointConv [5]    85.7   — — — — — — — — — — — — — — — —
                 PointCNN [3]     86.1  84.1  86.5 86.0   80.8  90.6  79.7   92.3   88.4  85.3  96.1    77.2   95.2  84.2   64.2   80.0  83.0
                 PointASNL [27]   86.1  84.1  84.7  87.9  79.7  92.2  73.7   91.0   87.2  84.2   95.8   74.4   95.2  81.0   63.0   76.3  83.2
                 RS-CNN [40]      86.2  83.5  84.8  88.8  79.6  91.2  81.1   91.6   88.4  86.0   96.0   73.7   94.1  83.4   60.5   77.7  83.6
                 NPCT             85.2  83.2  74.5  86.7  76.8  90.7  75.4   91.1   87.3  84.5   95.7   65.2   93.7  82.7   56.9   73.8  83.0
                 SPCT             85.8  84.5  83.5  85.9  78.7  90.9  75.1   92.1   87.0  85.0   95.9   69.6   94.5  82.2   61.4   76.0  83.0
                 PCT              86.4  85.0  82.4  89.0 81.2 91.9    71.5   91.3   88.1  86.3   95.8   64.6   95.8  83.6   62.2   77.6  83.7
                                         Fig. 5 Segmentations from PointNet, NPCT, SPCT, PCT, and ground truth (GT).
                                         Table 4 Comparison on the S3DIS semantic segmentation dataset tested on Area5
                     Method     mAcc    mIoU    ceil-  ﬂoor   wall  beam column window       door   chair  table book-   sofa  board   clutter
                                                 ing                                                              case
                 PointNet [1]    48.98  41.09   88.80 97.33  69.80   0.05    3.92    46.26   10.76  58.93 52.61   5.85   40.28  26.38  33.22
                 SEGCloud [2]    57.35  48.92   90.06 96.05  69.86   0.00   18.37    38.35   23.12  70.40 75.89   40.88  58.42  12.96  41.60
                 DGCNN[26]       84.10  56.10    —      —      —     —       —        —       —      —      —      —      —      —       —
                 PointCNN [3]    63.86  57.26   92.31 98.24  79.41   0.00   17.60    22.77   62.09  74.39 80.59   31.67  66.67  62.05  56.74
                 SPG [24]        66.50  58.04   89.35 96.87  78.12   0.00   42.81    48.93   61.58  84.66 75.41   69.84  52.60  2.10   52.22
                 PCNN[4]         67.01  58.27   92.26 96.20  75.89   0.27    5.98    69.49   63.45  66.87 65.63   47.28  68.91  59.10  46.22
                 PointWeb [36]   66.64  60.28   91.95 98.48  79.39   0.00   21.11    59.72   34.81  76.33 88.27   46.89  69.30  64.91  52.46
                 PCT            67.65   61.33   92.54 98.42  80.62   0.00   19.37    61.64   48.00  76.58 85.20   46.22  67.71  67.93  52.29
