                                                                            Published as a conference paper at ICLR 2017
                                                                            the input integer value. Finally, the INT→INT→INT lambdas (+), (-), ( ), MIN, MAX apply a
                                                                                                                                                                                                                                                                                               *
                                                                            function to a pair of integers and produce a single integer.
                                                                            Asanexample,considerthefunction SCANL1 MAX,consistingofthehigher-orderfunction SCANL1
                                                                            and the INT→INT→INT lambda MAX.Givenaninteger array a of length L, this function computes
                                                                            the running maximum of the array a. Speciﬁcally, it returns an array b of the same length L whose
                                                                            i-th element is the maximum of the ﬁrst i elements in a.
                                                                                                     HEAD   LAST    ACCESS MINIMUM MAXIMUMTAKE    DROP   FILTER  (>0)   (<0)    (%2==1)(%2==0) COUNT  MAP     MIN     MAX    +       -      *       ZIPWITHSCANL1  SORT   REVERSE (*-1)  (**2)   (+1)   (-1)    (*2)   (*3)    (*4)   (/2)    (/3)   (/4)    SUM
                                                                                     HEAD                .17 .05 .29 .09 .04 .06 .12 .06 .08 .07 .06 .06 .16 .11 .03 .06 .00 .09 .05 .05 .03 .03 .01 .01 .02 .03 .02 .00 .06 .01 .02 .08 .00
                                                                                                         (15)    (12)   (14)    (15)    (9)    (14)   (12)    (14)   (15)    (13)    (15)   (15)    (9)    (15)    (13)   (14)    (13)   (12)    (7)    (15)    (15)   (14)    (14)   (13)    (15)   (14)    (15)   (14)    (15)   (14)    (14)   (15)    (15)
                                                                                       LAST .34                 .15 .01 .05 .07 .04 .09 .04 .01 .02 .11 .04 .01 .04 .11 .05 .11 .01 .03 .06 .01 .03 .03 .01 .03 .01 .02 .00 .02 .13 .00 .01 .02
                                                                                                  (6)            (6)     (6)    (6)     (4)     (4)    (6)     (6)    (6)     (6)    (6)     (6)    (2)     (5)    (6)     (5)    (6)     (5)    (3)     (6)    (6)     (6)    (5)     (6)    (6)     (5)    (5)     (5)     (6)    (6)     (6)    (6)     (6)
                                                                                  ACCESS .10 .19                        .15 .05 .10 .18 .16 .03 .09 .13 .12 .03 .14 .18 .06 .05 .00 .02 .10 .07 .04 .07 .02 .01 .04 .03 .02 .00 .03 .02 .02 .03 .02
                                                                                                  (15)   (18)           (16)    (18)   (16)    (16)   (14)    (14)   (17)    (16)    (16)   (13)    (13)   (17)    (16)   (17)    (16)   (17)    (14)   (15)    (15)   (17)    (16)   (17)    (17)   (17)    (18)   (18)    (18)   (18)    (17)   (18)    (18)
                                                                               MINIMUM .16 .22 .04                             .12 .12 .08 .24 .03 .16 .13 .13 .13 .06 .34 .02 .25 .10 .00 .01 .05 .03 .06 .02 .00 .02 .03 .04 .00 .00 .01 .04 .02 .02
                                                                                                  (8)     (9)    (7)            (9)     (7)     (8)    (8)     (8)    (9)     (9)    (9)     (9)    (7)     (9)    (8)     (8)    (5)     (8)    (3)     (8)    (7)     (9)    (8)     (9)    (9)     (9)    (9)     (9)     (9)    (9)     (8)    (9)     (9)
                                                                              MAXIMUM .25 .23 .22 .05                                  .08 .02 .10 .09 .04 .08 .06 .10 .05 .08 .04 .09 .08 .00 .03 .02 .04 .09 .01 .00 .02 .02 .02 .00 .00 .07 .01 .00 .00
                                                                                                  (10)   (10)    (10)   (10)            (7)     (6)    (9)     (9)   (10)    (10)    (10)   (10)    (7)     (8)    (6)     (9)    (8)    (10)    (5)     (7)    (10)   (10)    (10)   (10)    (10)   (10)    (10)   (10)     (9)   (10)     (9)    (9)    (10)
                                                                                      TAKE .05 .06 .04 .06 .02                                .05 .12 .06 .05 .09 .02 .01 .05 .06 .05 .03 .00 .02 .11 .02 .03 .04 .00 .03 .01 .04 .02 .00 .02 .03 .01 .00 .00
                                                                                                  (36)   (40)    (40)   (40)    (39)           (39)   (36)    (40)   (42)    (40)    (36)   (38)    (21)   (40)    (37)   (34)    (37)   (32)    (20)   (35)    (41)   (40)    (41)   (40)    (37)   (39)    (39)   (42)    (41)   (39)    (39)   (41)    (42)
                                                                                     DROP .04 .03 .03 .03 .03 .11                                     .09 .06 .08 .09 .05 .01 .14 .06 .04 .09 .09 .00 .10 .03 .05 .08 .01 .01 .05 .06 .03 .02 .01 .02 .03 .01 .00
                                                                                                  (44)   (43)    (43)   (44)    (41)   (42)           (36)    (42)   (44)    (38)    (38)   (35)    (29)   (39)    (40)   (39)    (39)   (38)    (21)   (40)    (44)   (43)    (44)   (45)    (44)   (40)    (43)   (41)    (43)   (44)    (42)   (44)    (45)
                                                                                    FILTER .01 .01 .01 .02 .00 .03 .06                                       .06 .05 .07 .08 .05 .11 .08 .04 .11 .07 .01 .03 .03 .02 .04 .05 .01 .02 .03 .01 .00 .01 .05 .03 .02 .00
                                                                                                 (115)   (118)  (114)   (117)  (117)   (112)  (109)           (90)   (87)    (88)    (81)  (110)    (86)   (93)    (91)   (89)    (92)   (89)    (22)   (102)  (113)   (110)  (115)   (117)  (114)   (116)  (114)   (111)  (112)   (116)  (115)   (114)  (116)
                                                                                       (>0) .03 .02 .01 .02 .01 .02 .07 .08                                          .13 .15 .13 .06 .16 .11 .11 .16 .05 .00 .05 .06 .02 .04 .02 .01 .03 .02 .01 .00 .00 .05 .06 .03 .02
                                                                                                  (33)   (34)    (30)   (33)    (33)   (32)    (31)    (6)           (33)    (32)    (31)   (23)    (25)   (26)    (29)   (30)    (25)   (29)    (11)   (30)    (32)   (32)    (33)   (34)    (34)   (32)    (33)   (32)    (31)   (32)    (34)   (34)    (34)
                                                                                       (<0) .00 .01 .00 .00 .00 .01 .01 .00 .13                                             .07 .06 .01 .14 .11 .03 .13 .10 .01 .04 .02 .04 .01 .06 .01 .03 .04 .00 .00 .00 .04 .05 .04 .01
                                                                                                  (33)   (33)    (32)   (33)    (33)   (33)    (32)    (2)    (32)           (32)    (33)   (31)    (27)   (24)    (27)   (16)    (24)   (26)    (3)    (24)    (33)   (31)    (32)   (32)    (32)   (33)    (32)   (32)    (32)   (33)    (33)   (32)    (32)
                                                                               (%2==1) .01 .01 .01 .04 .00 .06 .06 .05 .09 .11                                                      .19 .06 .12 .12 .05 .07 .16 .00 .02 .06 .03 .06 .07 .00 .03 .03 .00 .00 .00 .03 .04 .06 .00
                                                                                                  (36)   (38)    (36)   (38)    (38)   (36)    (31)    (8)    (36)   (37)            (37)   (26)    (29)   (32)    (30)   (27)    (34)   (29)    (10)   (32)    (35)   (34)    (37)   (38)    (38)   (38)    (38)   (36)    (37)   (37)    (35)   (37)    (38)
                                                                               (%2==0) .01 .01 .00 .00 .00 .02 .06 .03 .09 .09 .17                                                         .04 .12 .05 .04 .09 .02 .00 .04 .02 .00 .05 .05 .00 .02 .04 .02 .00 .02 .06 .01 .01 .00
                                                                                                  (45)   (45)    (43)   (45)    (45)   (39)    (38)    (8)    (42)   (45)    (44)           (33)    (33)   (40)    (32)   (40)    (33)   (33)    (11)   (42)    (44)   (43)    (45)   (45)    (42)   (44)    (43)   (43)    (43)   (45)    (44)   (43)    (44)
                                                                                   COUNT .04 .02 .01 .01 .01 .03 .04 .18 .14 .24 .20 .16                                                           .19 .15 .11 .10 .14 .00 .09 .07 .03 .05 .02 .00 .05 .03 .01 .00 .00 .03 .04 .06 .02
                                                                                                  (32)   (32)    (27)   (32)    (32)   (28)    (22)   (24)    (21)   (30)    (20)    (20)           (28)   (29)    (27)   (24)    (25)   (28)    (14)   (26)    (31)   (30)    (32)   (32)    (32)   (31)    (32)   (32)    (31)   (31)    (31)   (32)    (32)
                                                                                        MAP .01 .01 .01 .01 .00 .01 .02 .02 .02 .01 .02 .02 .01                                                           .08 .04 .11 .06 .05 .04 .04 .02 .04 .03 .03 .05 .11 .03 .01 .02 .06 .03 .05 .00
                                                                                                 (246)   (248)  (247)   (250)  (249)   (231)  (236)   (220)  (243)   (246)  (243)   (240)  (248)          (186)   (203)   (178)  (188)   (193)   (40)   (206)  (246)   (235)  (225)   (231)  (213)   (224)  (228)   (214)  (217)   (220)  (218)   (225)  (250)
                                                                                        MIN .02 .00 .01 .00 .00 .01 .02 .01 .01 .01 .03 .02 .02 .10                                                               .07 .08 .04 .02 .00 .04 .03 .06 .03 .02 .04 .08 .03 .01 .01 .06 .03 .03 .00
                                                                                                 (123)   (122)  (122)   (123)  (121)   (121)  (117)   (98)   (115)   (114)  (117)   (118)  (120)    (57)          (107)   (90)    (92)   (102)   (6)    (76)   (117)   (113)  (111)   (118)  (114)   (119)  (118)   (115)  (112)   (117)  (116)   (116)  (122)
                                                                                       MAX .01 .01 .01 .01 .00 .02 .01 .02 .03 .02 .02 .02 .02 .15 .22                                                                   .07 .05 .02 .00 .03 .03 .05 .03 .03 .03 .04 .03 .01 .02 .04 .04 .03 .00
                                                                                                 (128)   (130)  (128)   (129)  (126)   (125)  (125)   (103)  (125)   (124)  (122)   (117)  (125)    (81)  (114)           (83)    (99)   (110)   (5)    (78)   (120)   (124)  (125)   (124)  (126)   (130)  (125)   (124)  (122)   (120)  (124)   (122)  (127)
                                                                                            + .01 .01 .01 .00 .01 .02 .01 .01 .02 .02 .02 .02 .00 .15 .06 .03                                                                    .19 .02 .00 .04 .02 .04 .00 .02 .04 .08 .09 .02 .04 .03 .03 .03 .00
                                                                                                 (175)   (175)  (175)   (175)  (175)   (168)  (170)   (147)  (172)   (159)  (165)   (171)  (168)   (102)  (143)   (129)          (138)   (136)   (4)    (120)  (169)   (169)  (169)   (171)  (157)   (171)  (171)   (169)  (166)   (166)  (169)   (170)  (174)
                                                                                              - .01 .01 .02 .01 .00 .02 .00 .02 .03 .03 .03 .02 .01 .15 .10 .07 .24                                                                      .02 .01 .03 .02 .03 .03 .04 .03 .07 .03 .02 .04 .03 .04 .06 .00
                                                                                                 (152)   (154)  (152)   (150)  (152)   (149)  (148)   (128)  (145)   (145)  (150)   (142)  (147)    (90)  (123)   (123)   (116)          (119)   (7)    (93)   (147)   (146)  (149)   (149)  (143)   (147)  (149)   (144)  (146)   (147)  (144)   (149)  (154)
                                                                                             * .00 .01 .03 .02 .01 .03 .01 .02 .03 .02 .03 .01 .00 .24 .08 .03 .08 .08                                                                                  .04 .02 .01 .06 .09 .03 .06 .05 .05 .06 .04 .01 .01 .00
                                                                                                 (139)   (141)  (141)   (141)  (142)   (132)  (135)   (113)  (137)   (135)  (133)   (130)  (138)    (83)  (121)   (122)   (102)  (107)                  (116)  (135)   (131)  (138)   (139)  (134)   (133)  (138)   (131)  (136)   (132)  (138)   (137)  (138)
                                                                                 ZIPWITH .01 .01 .01 .01 .01 .02 .01 .02 .03 .02 .03 .02 .02 .14 .09 .04 .11 .08 .02                                                                                    .04 .02 .04 .03 .03 .04 .07 .04 .02 .03 .04 .03 .04 .00
                                                                                                 (423)   (428)  (427)   (425)  (426)   (409)  (407)   (335)  (408)   (401)  (403)   (397)  (413)   (219)  (314)   (306)   (259)  (284)   (289)          (327)  (404)   (400)  (410)   (414)  (397)   (411)  (413)   (399)  (404)   (402)  (406)   (406)  (424)
                                                                                  SCANL1 .01 .01 .03 .01 .00 .03 .01 .01 .02 .01 .02 .02 .00 .14 .09 .05 .11 .09 .02 .03                                                                                       .04 .03 .03 .03 .02 .05 .02 .03 .06 .01 .03 .04 .00
                                                                                                 (125)   (125)  (122)   (124)  (122)   (118)  (120)   (109)  (121)   (116)  (119)   (122)  (119)    (79)   (78)    (73)   (69)    (64)   (99)    (21)          (121)   (118)  (120)   (119)  (119)   (123)  (122)   (123)  (118)   (118)  (119)   (121)  (123)
                                                                                      SORT .02 .05 .00 .01 .01 .04 .07 .05 .01 .04 .03 .01 .06 .17 .18 .02 .09 .06 .00 .02 .09                                                                                         .09 .06 .04 .03 .07 .03 .02 .01 .02 .03 .01 .00
                                                                                                  (33)   (33)    (30)   (31)    (33)   (32)    (32)   (28)    (31)   (33)    (30)    (32)   (32)    (27)   (27)    (23)   (26)    (26)   (26)    (6)    (29)           (31)    (32)   (33)    (31)   (33)    (33)   (33)    (33)   (32)    (33)   (31)    (31)
                                                                               REVERSE .00 .01 .00 .00 .00 .01 .09 .02 .02 .01 .02 .04 .06 .21 .16 .05 .01 .02 .03 .06 .08 .08                                                                                                .09 .01 .06 .11 .01 .00 .00 .04 .03 .03 .00
                                                                                                  (39)   (40)    (39)   (40)    (40)   (38)    (38)   (32)    (38)   (38)    (36)    (38)   (38)    (23)   (30)    (34)   (33)    (32)   (29)    (9)    (33)    (38)           (39)   (38)    (37)   (39)    (39)   (37)    (39)   (40)    (37)   (37)    (40)
                                                                                       (*-1) .03 .04 .01 .01 .00 .02 .03 .05 .03 .03 .04 .03 .02                                                          .16 .10 .06 .09 .02 .05 .06 .02 .13                                         .02 .05 .10 .02 .00 .03 .05 .02 .03 .00
                                                                                                  (26)   (26)    (25)   (26)    (27)   (26)    (26)   (24)    (26)   (26)    (26)    (27)   (27)           (15)    (22)   (20)    (22)   (23)    (6)    (22)    (26)   (26)           (27)    (24)   (27)    (26)   (25)    (26)   (26)    (27)   (27)    (27)
                                                                                       (**2) .00 .01 .00 .03 .01 .01 .07 .01 .04 .00 .00 .01 .00                                                          .12 .02 .06 .04 .39 .09 .05 .00 .02 .01                                            .04 .05 .01 .05 .07 .04 .01 .02 .00
                                                                                                  (19)   (21)    (20)   (21)    (21)   (19)    (21)   (20)    (21)   (20)    (21)    (21)   (21)           (16)    (15)   (16)    (16)   (18)    (4)    (15)    (21)   (19)    (21)           (20)   (18)    (20)   (19)    (21)   (21)    (19)   (21)    (21)
                                                                                       (+1) .00 .01 .00 .00 .00 .01 .04 .01 .01 .00 .04 .01 .01                                                           .08 .03 .09 .02 .03 .06 .03 .01 .07 .03 .02                                                .43 .04 .01 .00 .06 .02 .03 .00
                                                                                                  (39)   (39)    (38)   (39)    (39)   (34)    (38)   (35)    (39)   (38)    (39)    (36)   (39)           (30)    (35)   (20)    (28)   (31)    (5)    (33)    (37)   (36)    (36)   (38)           (39)    (39)   (39)    (39)   (38)    (39)   (38)    (39)
                                                                                         (-1) .01 .01 .01 .01 .02 .02 .00 .02 .04 .03 .02 .01 .01                                                         .04 .07 .12 .01 .05 .08 .03 .02 .05 .01 .07 .23                                                   .04 .00 .02 .08 .03 .04 .00
                                                                                                  (27)   (27)    (27)   (28)    (28)   (25)    (23)   (26)    (26)   (28)    (28)    (27)   (27)           (24)    (28)   (23)    (21)   (19)    (8)    (26)    (28)   (27)    (28)   (25)    (28)           (28)   (23)    (27)   (28)    (24)   (27)    (28)
                                                                                        (*2) .01 .00 .00 .00 .01 .00 .00 .01 .01 .00 .00 .03 .00                                                          .02 .01 .39 .03 .00 .10 .05 .07 .02 .01 .00 .01 .03                                                       .01 .06 .03 .06 .02 .00
                                                                                                  (24)   (23)    (24)   (24)    (24)   (21)    (22)   (20)    (23)   (23)    (24)    (22)   (24)           (19)    (19)   (19)    (19)   (20)    (6)    (21)    (24)   (23)    (23)   (23)    (24)   (24)           (23)    (21)   (21)    (24)   (21)    (24)
                                                                                        (*3) .01 .00 .00 .00 .00 .00 .00 .00 .00 .00 .00 .00 .00                                                          .02 .02 .14 .02 .08 .02 .06 .01 .06 .02 .04 .02 .02 .04                                                          .05 .06 .03 .03 .00
                                                                                                  (37)   (37)    (38)   (38)    (38)   (38)    (34)   (31)    (36)   (37)    (36)    (36)   (38)           (30)    (32)   (31)    (28)   (27)    (6)    (36)    (38)   (35)    (36)   (36)    (38)   (33)    (37)           (36)   (37)    (36)   (36)    (38)
                                                                                        (*4) .01 .00 .03 .00 .00 .02 .00 .00 .01 .00 .00 .04 .00                                                          .02 .00 .11 .16 .05 .06 .06 .04 .05 .02 .02 .03 .04 .06 .06                                                              .05 .00 .00 .00
                                                                                                  (35)   (35)    (35)   (35)    (34)   (34)    (33)   (29)    (32)   (34)    (34)    (33)   (34)           (24)    (27)   (25)    (27)   (29)    (8)    (28)    (35)   (34)    (34)   (35)    (35)   (34)    (32)   (33)           (35)    (32)   (35)    (34)
                                                                                         (/2) .00 .00 .00 .00 .00 .00 .00 .04 .01 .01 .00 .01 .01                                                         .16 .03 .08 .07 .00 .03 .07 .03 .02 .04 .03 .08 .13 .05 .00 .01                                                                 .10 .13 .00
                                                                                                  (31)   (32)    (32)   (32)    (32)   (29)    (31)   (30)    (30)   (32)    (31)    (32)   (31)           (26)    (22)   (22)    (25)   (22)    (3)    (25)    (31)   (32)    (31)   (32)    (31)   (32)    (29)   (31)    (32)           (30)   (30)    (32)
                                                                                         (/3) .02 .02 .03 .01 .00 .00 .01 .07 .03 .02 .01 .04 .01                                                         .07 .04 .11 .04 .06 .06 .02 .01 .01 .06 .02 .10 .08 .02 .00 .01 .12                                                                     .15 .00
                                                                                                  (33)   (34)    (33)   (33)    (33)   (31)    (31)   (31)    (34)   (34)    (31)    (33)   (33)           (27)    (28)   (27)    (24)   (30)    (9)    (28)    (34)   (31)    (34)   (32)    (34)   (30)    (34)   (32)    (31)   (32)           (34)    (33)
                                                                                         (/4) .02 .02 .00 .00 .00 .01 .00 .01 .02 .00 .00 .03 .00                                                         .07 .03 .09 .10 .00 .03 .02 .03 .02 .01 .01 .02 .02 .01 .00 .01 .13 .17                                                                        .00
                                                                                                  (27)   (27)    (27)   (27)    (26)   (26)    (26)   (23)    (27)   (26)    (26)    (25)   (27)           (20)    (19)   (21)    (22)   (22)    (2)    (23)    (25)   (24)    (27)   (27)    (26)   (26)    (24)   (25)    (27)   (25)    (27)           (27)
                                                                                       SUM .01 .07 .13 .06 .01 .10 .00 .15 .07 .04 .06 .03 .00 .31 .09 .02 .11 .18 .02 .06 .18 .01 .00 .07 .09 .12 .09 .06 .14 .00 .02 .05 .11
                                                                                                  (8)     (8)    (8)     (8)    (8)     (8)     (8)    (6)     (8)    (7)     (8)    (7)     (8)    (6)     (7)    (5)     (6)    (8)     (4)    (1)     (6)    (6)     (8)    (8)     (8)    (8)     (8)    (8)     (8)     (7)    (8)     (7)    (8)
                                                                            Figure 9: Conditional confusion matrix for the neural network and test set of P = 500 programs of
                                                                            length T = 3 that were used to obtain the results presented in Table 1. Each cell contains the average
                                                                            false positive probability (in larger font) and the number of test programs from which this average
                                                                            was computed (smaller font, in brackets). The color intensity of each cell’s shading coresponds to
                                                                            the magnitude of the average false positive probability.
                                                                            G ANALYSISOFTRAINEDNEURALNETWORKS
                                                                            Weanalyzedtheperformanceoftrainedneuralnetworksbyinvestigatingwhichprograminstructions
                                                                            tendtogetconfusedbythenetworks.Tothisend,welookedatageneralizationofconfusionmatrices
                                                                            to the multilabel classiﬁcation setting: for each attribute in a ground truth program (rows) measure
                                                                            how likely each other attribute (columns) is predicted as a false positive. More formally, in this
                                                                            matrix the (i,j)-entry is the average predicted probability of attribute j among test programs that do
                                                                                                                                                                                                                   19
