                              PublishedasaconferencepaperatICLR2019
                              APPENDIXE BABIDETAILEDRESULTS
                                                             Bestseedrunforeachtask(outof10runs)
                                                   Taskid                10K                           1K
                                                               train single   train joint   train single   train joint
                                                   1               0.0           0.0            0.0            0.0
                                                   2               0.0           0.0            0.0            0.5
                                                   3               0.4           1.2            3.7            5.4
                                                   4               0.0           0.0            0.0            0.0
                                                   5               0.0           0.0            0.0            0.5
                                                   6               0.0           0.0            0.0            0.5
                                                   7               0.0           0.0            0.0            3.2
                                                   8               0.0           0.0            0.0            1.6
                                                   9               0.0           0.0            0.0            0.2
                                                   10              0.0           0.0            0.0            0.4
                                                   11              0.0           0.0            0.0            0.1
                                                   12              0.0           0.0            0.0            0.0
                                                   13              0.0           0.0            0.0            0.6
                                                   14              0.0           0.0            0.0            3.8
                                                   15              0.0           0.0            0.0            5.9
                                                   16              0.4           1.2            5.8           15.4
                                                   17              0.6           0.2           32.0           42.9
                                                   18              0.0           0.0            0.0            4.1
                                                   19              2.8           3.1           47.1           68.2
                                                   20              0.0           0.0            2.4            2.4
                                                   avgerr         0.21           0.29          4.55           7.78
                                                   failed           0             0              3              5
                                                                        ±
                                                             Average( var)overallseeds(for10runs)
                                                 Taskid                 10K                             1K
                                                             train single    train joint   train single     train joint
                                                                  ±              ±              ±               ±
                                                 1            0.0 0.0        0.0 0.0        0.2 0.3         0.1 0.2
                                                                  ±              ±              ±               ±
                                                 2            0.2 0.4        1.7 2.6        3.2 4.1         4.3 11.6
                                                                  ±              ±              ±               ±
                                                 3            1.8 1.8        4.6 7.3        9.1 12.7       14.3 18.1
                                                                  ±              ±              ±               ±
                                                 4            0.1 0.1        0.2 0.1        0.3 0.3         0.4 0.6
                                                                  ±              ±              ±               ±
                                                 5            0.2 0.3        0.8 0.5        1.1 1.3         4.3 5.6
                                                                  ±              ±              ±               ±
                                                 6            0.1 0.2        0.1 0.2        1.2 2.1         0.8 0.4
                                                                  ±              ±              ±               ±
                                                 7            0.3 0.5        1.1 1.5        0.0 0.0         4.1 2.9
                                                                  ±              ±              ±               ±
                                                 8            0.3 0.2        0.5 1.1        0.1 0.2         3.9 4.2
                                                                  ±              ±              ±               ±
                                                 9            0.0 0.0        0.0 0.0        0.1 0.1         0.3 0.3
                                                                  ±              ±              ±               ±
                                                 10           0.1 0.2        0.5 0.4        0.7 0.8         1.3 1.6
                                                                  ±              ±              ±               ±
                                                 11           0.0 0.0        0.1 0.1        0.4 0.8         0.3 0.9
                                                                  ±              ±              ±               ±
                                                 12           0.2 0.1        0.4 0.4        0.6 0.9         0.3 0.4
                                                                  ±              ±              ±               ±
                                                 13           0.2 0.5        0.3 0.4        0.8 0.9         1.1 0.9
                                                                  ±              ±              ±               ±
                                                 14           1.8 2.6        1.3 1.6        0.1 0.2         4.7 5.2
                                                                  ±              ±              ±                ±
                                                 15           2.1 3.4        1.6 2.8        0.3 0.5         10.3 8.6
                                                                  ±              ±              ±               ±
                                                 16           1.9 2.2        0.9 1.3        9.1 8.1        34.1 22.8
                                                                  ±              ±              ±               ±
                                                 17           1.6 0.8        1.4 3.4       43.7 18.6       51.1 12.9
                                                                  ±              ±              ±                ±
                                                 18           0.3 0.4        0.7 1.4        2.3 3.6         12.8 9.0
                                                                  ±              ±               ±              ±
                                                 19           3.4 4.0        6.1 7.3        50.2 8.4       73.1 23.9
                                                                  ±              ±              ±               ±
                                                 20           0.0 0.0        0.0 0.0        3.2 2.5         2.6 2.8
                                                                  ±              ±              ±                ±
                                                 avg         0.73 0.89      1.12 1.62      6.34 3.32      11.21 6.65
                                                                                   17
