Method Task 4k 8k 16k 32k 64k 128k Avg.
niah_single, 94.00 35.00 20.00 0.00 0.00 0.00 = 24.83
niah_singles 99.00 46.00 21.00 0.00 0.00 0.00 27.67
niah_singles 99.00 45.00 29.00 0.00 0.00 0.00 28.83
PI niah_multikey; 88.00 39.00 26.00 0.00 0.00 0.00 25.50
niah_multikeyg 85.00 14.00 — 5.00 0.00 0.00 0.00 17.33
niah_multikeys 55.00 2.00 0.00 0.00 0.00 0.00 9.50
niah_multivalue 32.25 16.25 17.00 0.00 0.00 0.00 10.92
niah_multiquery 68.25 15.50 14.00 0.00 0.00 0.00 16.29
niah_single, 100.00 100.00 100.00 99.00 89.00 91.00 96.50
niah_singles 100.00 100.00 100.00 100.00 99.00 93.00 98.67
niah_singles 100.00 100.00 100.00 100.00 100.00 88.00 98.00
ABF Single-Stage niah_multik 92.00 93.00 89.00 91.00 86.00 86.00 89.50
niah_mult 95.00 98.00 94.00 82.00 70.00 37.00 79.33
niah_multikeyz; 63.00 54.00 31.00 16.00 6.00 3.00 28.83
niah_multivalue 92.00 72.25 66.00 51.50 34.75 44.00 60.08
niah_multiquery 97.50 93.00 93.25 84.75 81.75 59.75 85.00
niah_single, 100.00 100.00 100.00 100.00 96.00 99.00 99.17
niah_singles 100.00 100.00 100.00 100.00 100.00 95.00 99.17
niah_singles 100.00 100.00 100.00 100.00 100.00 94.00 99.00
. niah_multike 95.00 95.00 95.00 94.00 83.00 89.00 91.83
ABF Multi-Stage iah_multikeyy 96.00 96.00 91.00 76.00 73.00 14.00 74.33
niah_multikeyz 79.00 69.00 48.00 15.00 8.00 1.00 36.67
niah_multivalue 95.25 81.00 74.75 55.50 40.25 40.75 64.58
niah_multiquery 96.25 92.75 91.50 90.25 82.00 64.25 86.17
niah_single, 100.00 100.00 100.00 100.00 95.00 0.00 82.50
niah_singles 100.00 100.00 100.00 87.00 0.00 0.00 64.50
niah_singles 100.00 100.00 97.00 65.00 0.00 0.00 60.33
YaRN niah_multikey; 79.00 69.00 51.00 30.00 1.00 0.00 38.33
niah_multikey2 81.00 64.00 42.00 12.00 0.00 0.00 33.17
niah_multikeyz 79.00 69.00 48.00 15.00 8.00 1.00 36.67
niah_multivalue 86.00 75.00 59.50 34.50 3.50 0.00 43.08
niah_multiquery 84.00 72.25 67.25 42.75 2.00 0.00 44.71
niah_single, 100.00 100.00 100.00 94.00 11.00 0.00 67.50
niah_singles 100.00 100.00 96.00 87.00 0.00 0.00 63.83
niah_singles 100.00 99.00 90.00 92.00 0.00 0.00 63.50
Self-Extend niah_multike 78.00 71.00 56.00 43.00 0.00 0.00 41.33
niah_mult 28.00 9.00 3.00 2.00 0.00 0.00 7.00
niah_mult 26.00 5.00 3.00 1.00 0.00 0.00 5.83
niah_multivalue 89.25 64.50 52.75 46.25 0.00 0.00 42.13
niah_multiquery 90.50 81.50 70.00 52.00 0.00 0.00 49.00
niah_single, 100.00 100.00 100.00 100.00 100.00 100.00 100.00
niah_singles 100.00 100.00 100.00 100.00 100.00 100.00 100.00
niah_single3 100.00 100.00 100.00 100.00 100.00 99.00 99.83
HARPE niah_multikey; 96.00 97.00 91.00 92.00 93.00 90.00 93.17
niah_multikey: 93.00 96.00 96.00 87.00 78.00 46.00 82.67
niah_multikeyz 91.00 91.00 81.00 38.00 23.00 600 55.00
niah_multivalue 98.50 95.00 92.25 87.75 61.50 43.00 79.67
niah_multiquery 97.75 96.00 89.50 88.50 79.75 53.50 84.17

Table 8: Detail Scores of the 8 upgraded Needle-in-a-Haystack Tasks Across Different Lengths.

4909
