                                                                                                              Layer 1                             Layer 2                             Layer 3                             Layer 4                             Layer 5                            Layer 6                             Layer 7
                                                                                                                                    140                                  60                                                                     350                                 250                                  60
                                                                                                800                                 120                                                                      60                                 300                                 200
                                                                                                                                    100                                  40                                                                                                                                              40
                                                                                                600                                  80                                                                      40                                 250                                 150
                                                                                                                                                                                                                                                200                                                                      20
                                                                                                400                                  60                                  20                                                                                                         100
                                                                                                                                     40                                                                      20                                 150                                                                       0
                                                                                                                                     20                                   0                                                                     100                                  50                                  20
                                                                                                200                                                                                                           0
                                                                                                                                      0                                                                                                          50                                   0
                                                                                                  0                                                                      20                                                                       0                                                                      40
                                                                                                                                     20                                                                      20
                                                                                                        0      50     100    150         0   250   500   750  1000 1250      0     500    1000    1500           0      500    1000   1500           0      500    1000    1500          0       500     1000    1500        0   250  500  750 1000 1250
                                                                                                              Layer 8               200           Layer 9                            Layer 10                            Layer 11                            Layer 12                            Layer 13                            Layer 14
                                                                                                400                                                                                                                                             300                                                                     500
                                                                                                                                                                        200                                 250                                                                     400
                                                                                                300                                 150                                                                                                         250                                                                     400
                                                                                                                                                                                                            200                                 200                                 300
                                                                                                                                                                        150
                                                                                                200                                 100                                                                     150                                                                                                         300
                                                                                                                                                                        100                                                                     150                                 200
                                                                                                                                     50                                                                     100                                 100                                                                     200
                                                                                                100                                                                      50                                                                                                         100
                                                                                                                                                                                                             50                                  50                                                                     100
                                                                                                                                      0                                   0
                                                                                                  0                                                                                                           0                                   0                                   0                                   0
                                                                                                                                     50                                  50
                                                                                                        0    250  500   750  1000           0   250  500   750 1000             0   250  500  750 1000             0    250  500  750 1000              0   250   500  750  1000            0    250   500  750   1000          0    250   500   750  1000
                                                                                                             Layer 15                            Layer 16                            Layer 17                            Layer 18                            Layer 19                            Layer 20                            Layer 21
                                                                                                                                   1000                                1000                                1000                                1000                                1000                                1000
                                                                                               1000
                                                                                                                                    800                                 800                                 800                                 800                                 800                                 800
                                                                                                800
                                                                                                600                                 600                                 600                                 600                                 600                                 600                                 600
                                                                                                400                                 400                                 400                                 400                                 400                                 400                                 400
                                                                                                200                                 200                                 200                                 200                                 200                                 200                                 200
                                                                                                  0                                   0                                   0                                   0                                   0                                   0                                   0
                                                                                                      50   0    50  100  150  200          0    50   100   150  200             0    50    100   150   200         0     50   100  150   200          0      100     200    300           0      100      200     300         0     100    200    300
                                                                                                       Figure 13: PCA visualization of positional vectors at different layers of TL-RoPE.
                                                                                                            Layer 1                             Layer 2                             Layer 3                              Layer 4                             Layer 5                             Layer 6                             Layer 7
                                                                                              100                                 700                                                                       50
                                                                                               75                                 600                                   50                                                                      40                                1000                                1000
                                                                                                                                                                                                            40
                                                                                               50                                 500                                   40                                  30                                                                     800                                 800
                                                                                               25                                 400                                                                                                           20
                                                                                                                                                                        30                                  20                                                                     600                                 600
                                                                                                0                                 300                                   20                                  10                                   0
                                                                                               25                                 200                                                                                                                                              400                                 400
                                                                                                                                  100                                   10                                   0                                  20
                                                                                               50                                                                                                           10                                                                     200                                 200
                                                                                               75                                   0                                    0
                                                                                                                                  100                                                                       20                                  40                                   0                                   0
                                                                                                   0    200   400   600   800           0       200     400      600    10 0      500   1000    1500            0     500     1000   1500           0      500     1000    1500            0       200     400      600       0      200    400    600
                                                                                                            Layer 8                             Layer 9                             Layer 10                            Layer 11                            Layer 12                            Layer 13                            Layer 14
                                                                                             1000                                1000                                 1000                                1000                                                                     800
                                                                                                                                                                                                                                               800                                 700                                 700
                                                                                              800                                 800                                  800                                 800                                                                     600                                 600
                                                                                              600                                 600                                  600                                 600                                 600                                 500                                 500
                                                                                                                                                                                                                                                                                   400                                 400
                                                                                              400                                 400                                  400                                 400                                 400                                 300                                 300
                                                                                              200                                 200                                  200                                 200                                 200                                 200                                 200
                                                                                                                                                                                                                                                                                   100                                 100
                                                                                                0                                   0                                    0                                   0                                   0                                   0                                   0
                                                                                                    0     200   400   600   800          0     200    400    600              0     200     400    600            0        200      400                 0    100   200   300   400           0     100     200     300            0       100     200
                                                                                                           Layer 15                            Layer 16                             Layer 17                            Layer 18                            Layer 19                            Layer 20                            Layer 21
                                                                                              300                                 250                                  250                                 150                                 150                                 175                                 300
                                                                                              250                                                                      200                                 125                                 125                                 150                                 250
                                                                                                                                  200
                                                                                              200                                                                                                          100                                 100                                 125                                 200
                                                                                                                                  150                                  150                                                                      75                                 100
                                                                                              150                                                                                                           75                                                                                                         150
                                                                                                                                  100                                  100                                  50                                  50                                  75
                                                                                              100                                                                                                                                                                                   50                                 100
                                                                                               50                                  50                                   50                                  25                                  25                                  25                                  50
                                                                                                0                                   0                                    0                                   0                                   0                                   0                                   0
                                                                                                                                                                                                            25                                  25                                  25
                                                                                                         0       100      200                0      100      200                 0        100      200               0        100       200          50   0    50   100  150  200        50   0    50   100  150   200       50   0    50   100  150   200
                                                                                                      Figure 14: PCA visualization of positional vectors at different layers of TL-ALiBi.
                                                                                                             Layer 1                             Layer 2                             Layer 3                             Layer 4                             Layer 5               600           Layer 6                             Layer 7
                                                                                                                                   250                                  50
                                                                                               500                                                                      40                                 500                                 400                                 500
                                                                                                                                   200                                                                                                                                                                                 300
                                                                                               400                                                                      30                                 400                                                                     400
                                                                                                                                                                                                                                               300
                                                                                               300                                 150                                  20                                 300                                                                     300                                 200
                                                                                               200                                 100                                  10                                                                     200
                                                                                                                                                                                                           200                                                                     200                                 100
                                                                                               100                                  50                                   0                                                                     100
                                                                                                 0                                                                                                         100                                                                     100
                                                                                                                                     0                                  10                                   0                                   0                                   0                                   0
                                                                                               100                                                                      20
                                                                                                    0   200  400   600  800 1000           0      50      100    150        0       500     1000    1500              0        50      100          50    0    50    100   150          50   0   50   100  150  200        50     0     50     100    150
                                                                                                             Layer 8                             Layer 9                            Layer 10                            Layer 11                            Layer 12                            Layer 13                            Layer 14
                                                                                                                                   200
                                                                                                                                                                       150                                 150                                 150                                 100                                  75
                                                                                               150                                 150                                                                                                                                              75
                                                                                                                                                                                                                                                                                                                        50
                                                                                               100                                 100                                 100                                 100                                 100                                  50                                  25
                                                                                                                                                                                                                                                50                                  25                                   0
                                                                                                50                                  50                                  50                                  50                                                                       0
                                                                                                 0                                                                       0                                   0                                   0                                  25                                  25
                                                                                                                                     0                                                                                                                                                                                  50
                                                                                                                                                                                                                                                                                    50
                                                                                                50                                  50                                  50                                  50                                  50                                  75                                  75
                                                                                                      40    20   0     20    40           40    20   0    20    40             40   20   0    20    40             40   20    0   20    40             40   20   0    20   40            50    25    0     25    50          50    25    0     25    50
                                                                                                            Layer 15                80          Layer 16                            Layer 17                            Layer 18                            Layer 19                            Layer 20                            Layer 21
                                                                                                80                                                                      80                                  80                                  80                                  80                                  80
                                                                                                60                                  60                                  60                                  60                                  60                                  60
                                                                                                                                                                                                                                                                                                                        60
                                                                                                40                                  40                                  40                                  40                                  40                                  40                                  40
                                                                                                20                                  20                                  20                                  20                                  20                                  20                                  20
                                                                                                 0                                   0                                   0                                   0                                   0                                   0                                   0
                                                                                                20                                  20                                  20                                  20                                  20                                  20                                  20
                                                                                                     50    25    0     25    50           50    25   0     25    50            50   25    0    25   50            50    25   0    25    50             50   25    0    25   50             50   25    0    25   50             50   25   0   25   50   75
                                                                                                   Figure 15: PCA visualization of positional vectors at different layers of TL-Window.
                                                                                                                                                                                                                         21
