                         Under review as a conference paper at ICLR 2025
                 1134
                 1135
                 1136
                 1137
                 1138    Table 7: Exact Match Scores for each task on 100 sampled tasks across different models and abla-
                 1139    tions.
                 1140        Task     ViT-Vanilla  ViTARC    −BorderTokens   ViTARC     −PEmixer   −RPE −OPE
                 1141                                -VT
                 1142      0ca9ddb6      0.00        1.00         1.00         1.00       0.27      1.00    1.00
                 1143      543a7ed5      0.00        1.00         1.00         1.00       1.00      1.00    1.00
                 1144      952a094c      0.00        1.00         0.98         1.00       0.99      1.00    0.17
                 1145      49d1d64f      0.00        1.00         1.00         1.00       1.00      1.00    1.00
                           25d487eb      0.00        0.95         0.99         0.99       0.08      0.95    0.37
                 1146      d687bc17      0.00        0.97         0.40         0.99       0.38      0.99    0.78
                 1147      67a3c6ac      0.00        1.00         0.84         0.97       0.99      1.00    1.00
                 1148      e98196ab      0.00        0.99         0.96         0.95       0.92      1.00    0.09
                 1149      8403a5d5      0.00        1.00         0.98         0.93       0.72      0.97    0.94
                 1150      31aa019c      0.00        0.82         0.69         0.90       0.89      0.99    0.81
                 1151      ec883f72      0.00        0.87         0.87         0.90       0.79      0.95    0.82
                 1152      b7249182      0.00        0.74         0.61         0.88       0.81      0.90    0.32
                           e76a88a6      0.00        0.00         0.91         0.87       0.00      0.06    0.00
                 1153      3ac3eb23      0.00        0.71         0.71         0.87       0.85      0.87    0.57
                 1154      a64e4611      0.00        0.98         0.97         0.87       0.90      0.99    0.99
                 1155      40853293      0.00        0.99         0.92         0.86       0.98      0.98    0.96
                 1156      b527c5c6      0.00        0.66         0.74         0.84       0.56      0.76    0.53
                 1157      2013d3e2      0.00        0.95         0.92         0.84       0.11      0.94    0.94
                 1158      1caeab9d      0.00        0.42         0.78         0.82       0.48      0.58    0.36
                           5521c0d9      0.00        0.75         0.69         0.79       0.76      0.80    0.71
                 1159      6aa20dc0      0.00        0.33         0.52         0.63       0.38      0.51    0.23
                 1160      2dd70a9a      0.00        0.33         0.32         0.59       0.35      0.51    0.30
                 1161      5c2c9af4      0.00        0.51         0.40         0.46       0.53      0.53    0.31
                 1162      5daaa586      0.00        0.17         0.48         0.43       0.22      0.37    0.12
                 1163      6e19193c      0.00        0.12         0.18         0.37       0.29      0.08    0.08
                 1164      1b60fb0c      0.00        0.14         0.17         0.28       0.06      0.12    0.04
                 1165      9aec4887      0.00        0.02         0.11         0.19       0.01      0.03    0.00
                           8a004b2b      0.00        0.02         0.10         0.18       0.02      0.11    0.00
                 1166      1f0c79e5      0.00        0.14         0.06         0.16       0.02      0.29    0.11
                 1167      a87f7484      0.00        0.00         0.01         0.03       0.00      0.14    0.00
                 1168      be94b721      0.00        0.00         0.02         0.02       0.01      0.00    0.00
                 1169      c8cbb738      0.00        0.00         0.01         0.00       0.00      0.01    0.00
                 1170      e5062a87      0.00        0.00         0.00         0.00       0.00      0.00    0.00
                 1171      d43fd935      0.01        0.98         0.98         1.00       0.97      0.99    0.99
                 1172      dbc1a6ce      0.01        1.00         0.92         1.00       0.99      1.00    0.99
                           dc1df850      0.01        1.00         1.00         1.00       1.00      1.00    1.00
                 1173      dc433765      0.01        0.91         0.92         0.96       0.68      0.97    0.94
                 1174      39a8645d      0.01        0.01         0.99         0.94       0.70      0.16    0.01
                 1175      4522001f      0.01        0.22         0.62         0.88       0.74      0.79    0.76
                 1176      3f7978a0      0.01        0.04         0.12         0.14       0.06      0.11    0.01
                 1177      d13f3404      0.02        1.00         1.00         1.00       1.00      1.00    1.00
                 1178      913fb3ed      0.02        1.00         1.00         1.00       0.98      1.00    0.99
                           94f9d214      0.02        0.74         0.51         0.96       0.08      0.98    0.93
                 1179      228f6490      0.02        0.03         0.06         0.06       0.04      0.04    0.02
                 1180      bdad9b1f      0.03        1.00         1.00         1.00       1.00      1.00     1.0
                 1181      eb281b96      0.03        1.00         1.00         1.00       1.00      1.00    1.00
                 1182      6430c8c4      0.03        0.89         0.53         0.98       0.43      0.99    0.96
                 1183      a740d043      0.03        0.84         0.65         0.84       0.64      0.82    0.46
                 1184      d2abd087      0.03        0.09         0.12         0.15       0.09      0.11    0.07
                 1185      5bd6f4ac      0.04        1.00         1.00         1.00       1.00      1.00    1.00
                 1186
                 1187
                                                                     22
