                Learning program synthesis with self-improving language models: A case study on ARC-AGI
         [[0 7 7]
          [7 7 7]
          [0 7 7]]
         ## Output 1 (grid shape: 9 by 9):
         [[0 0 0 0 7 7 0 7 7]
          [0 0 0 7 7 7 7 7 7]
          [0 0 0 0 7 7 0 7 7]
          [0 7 7 0 7 7 0 7 7]
          [7 7 7 7 7 7 7 7 7]
          [0 7 7 0 7 7 0 7 7]
          [0 0 0 0 7 7 0 7 7]
          [0 0 0 7 7 7 7 7 7]
          [0 0 0 0 7 7 0 7 7]]
         ## Input 2 (grid shape: 3 by 3):
         [[4 0 4]
          [0 0 0]
          [0 4 0]]
         ## Output 2 (grid shape: 9 by 9):
         [[4 0 4 0 0 0 4 0 4]
          [0 0 0 0 0 0 0 0 0]
          [0 4 0 0 0 0 0 4 0]
          [0 0 0 0 0 0 0 0 0]
          [0 0 0 0 0 0 0 0 0]
          [0 0 0 0 0 0 0 0 0]
          [0 0 0 4 0 4 0 0 0]
          [0 0 0 0 0 0 0 0 0]
          [0 0 0 0 4 0 0 0 0]]
         ## Input 3 (grid shape: 3 by 3):
         [[0 0 0]
          [0 0 2]
          [2 0 2]]
         ## Output 3 (grid shape: 9 by 9):
         [[0 0 0 0 0 0 0 0 0]
          [0 0 0 0 0 0 0 0 0]
          [0 0 0 0 0 0 0 0 0]
          [0 0 0 0 0 0 0 0 0]
          [0 0 0 0 0 0 0 0 2]
          [0 0 0 0 0 0 2 0 2]
          [0 0 0 0 0 0 0 0 0]
          [0 0 2 0 0 0 0 0 2]
          [2 0 2 0 0 0 2 0 2]]
         ## Input 4 (grid shape: 3 by 3):
         [[6 6 0]
          [6 0 0]
          [0 6 6]]
         ## Output 4 (grid shape: 9 by 9):
         [[6 6 0 6 6 0 0 0 0]
          [6 0 0 6 0 0 0 0 0]
          [0 6 6 0 6 6 0 0 0]
          [6 6 0 0 0 0 0 0 0]
          [6 0 0 0 0 0 0 0 0]
          [0 6 6 0 0 0 0 0 0]
          [0 0 0 6 6 0 6 6 0]
          [0 0 0 6 0 0 6 0 0]
          [0 0 0 0 6 6 0 6 6]]
                                     22
