                   Under review as a conference paper at ICLR 2025
             1026
             1027
             1028
             1029                   Table 5: Model accuracies across tasks (400/400)
             1030      Task     ViT   ViTARC  ViTARC    Task    ViT    ViTARC  ViTARC
             1031             -Vanilla -VT                     -Vanilla -VT
             1032     1fad071e  0.23   0.24    0.59   9ecd008a  0.23    0.16    0.24
             1033    67385a82   0.24   1.00    1.00   868de0fa  0.24    1.00    1.00
             1034     c9f8e694  0.24   1.00    1.00   d6ad076f  0.24    0.98    0.99
             1035     dc0a314f  0.24   0.14    0.24   27a28665  0.26    0.24    0.94
             1036     9af7a82c  0.26   0.00    0.00   4290ef0e  0.27    0.24    0.80
             1037     539a4f51  0.28   0.72    0.76   cdecee7f  0.28    0.04    0.11
             1038     99fa7670  0.29   1.00    1.00   e73095fd  0.29    0.98    0.99
             1039     9dfd6313  0.29   0.99    0.99   b0c4d837  0.29    0.21    0.97
             1040     963e52fc  0.30   1.00    1.00   941d9a10  0.30    0.98    0.99
             1041    b230c067   0.30   0.44    0.46   b9b7f026  0.31    0.37    1.00
             1042     06df4c85  0.31   1.00    1.00   67a423a3  0.32    1.00    0.99
             1043    54d9e175   0.33   1.00    1.00   28e73c20  0.33    1.00    0.98
                      6f8cd79b  0.33   1.00    0.98   ea32f347  0.34    0.65    0.71
             1044    97999447   0.35   1.00    1.00   a85d4709  0.35    0.00    0.83
             1045     a5f85a15  0.36   0.99    1.00   c59eb873  0.36    1.00    1.00
             1046     7b7f7511  0.36   0.89    0.95   d10ecb37  0.39    1.00    1.00
             1047    d89b689b   0.41   0.96    0.98   de1cd16c  0.41    0.37    0.97
             1048    29c11459   0.43   1.00    1.00   9172f3a0  0.43    1.00    1.00
             1049     a68b268e  0.44   1.00    1.00   ba97ae07  0.44    1.00    1.00
             1050     ff28f65a  0.44   0.70    0.96   1190e5a7  0.44    0.81    0.91
             1051    d406998b   0.46   0.98    1.00   ba26e723  0.47    1.00    1.00
             1052     f25ffba3  0.50   0.99    1.00   c3f564a4  0.52    0.94    1.00
             1053    2204b7a8   0.52   0.96    0.98   272f95fa  0.54    1.00    1.00
             1054    91714a58   0.54   0.94    0.98   1e32b0e9  0.56    0.99    1.00
                      d9fac9be  0.57   0.68    0.97   44f52bb0  0.57    0.55    0.84
             1055     d23f8c26  0.59   1.00    1.00   b8825c91  0.60    0.99    0.99
             1056     ac0a08a4  0.61   0.99    1.00   bb43febb  0.61    1.00    1.00
             1057     c0f76784  0.61   1.00    1.00    e9afcf9a 0.62    1.00    0.98
             1058     b91ae062  0.64   1.00    1.00   cce03e0d  0.64    1.00    1.00
             1059     007bbfb7  0.65   0.99    1.00   91413438  0.65    0.38    0.32
             1060     c3e719e8  0.66   0.99    1.00   e3497940  0.66    1.00    1.00
             1061    d631b094   0.66   0.41    0.64   50cb2852  0.68    1.00    1.00
             1062     8e1813be  0.70   0.99    1.00   9565186b  0.74    0.96    1.00
             1063     a699fb00  0.74   1.00    1.00   4347f46a  0.76    1.00    0.99
             1064    469497ad   0.76   0.92    0.95   239be575  0.76    0.74    0.82
             1065     8f2ea7aa  0.81   0.23    0.98   5614dbcf  0.82    1.00    1.00
                     9d9215db   0.83   0.96    0.97   85c4e7cd  0.84    0.99    0.90
             1066     8e5a5113  0.85   0.98    0.99   46442a0e  0.86    1.00    1.00
             1067     7fe24cdd  0.86   1.00    1.00   445eab21  0.86    0.92    0.96
             1068    bd4472b8   0.89   0.49    0.58   3bdb4ada  0.92    1.00    1.00
             1069     bda2d7a6  0.94   0.98    1.00   f76d97a5  0.94    1.00    1.00
             1070     2dee498d  0.95   1.00    1.00   46f33fce  0.96    1.00    1.00
             1071    746b3537   0.96   0.99    0.99   eb5a1d5d  0.97    1.00    1.00
             1072    0d3d703e   0.98   1.00    1.00   5582e5ca  0.98    0.95    0.99
             1073     f8b3ba0a  0.98   0.99    0.97   feca6190  0.98    0.11    0.79
             1074    794b24be   0.98   0.24    0.23   d511f180  0.99    1.00    1.00
             1075    b1948b0a   0.99   1.00    1.00   c8f0f002  0.99    1.00    1.00
             1076     995c5fa3  1.00   0.00    1.00   6e02f1e3  1.00    1.00    1.00
                      bbc9ae5d  1.00   1.00    1.00   d4469b4b  1.00    1.00    1.00
             1077    7447852a   1.00   1.00    1.00   4be741c5  1.00    1.00    1.00
             1078
             1079
                                                    20
