                   Under review as a conference paper at ICLR 2025
             918
             919
             920
             921                    Table 3: Model accuracies across tasks (200/400)
             922       Task     ViT   ViTARC  ViTARC    Task    ViT    ViTARC  ViTARC
             923              -Vanilla -VT                     -Vanilla -VT
             924      a1570a43  0.00   0.54    0.25   3e980e27  0.00    0.02    0.22
             925     88a10436   0.00   0.00    0.20   9aec4887  0.00    0.02    0.19
             926      7df24a62  0.00   0.10    0.19   e21d9049  0.00    0.10    0.19
             927     8a004b2b   0.00   0.02    0.18   1f0c79e5  0.00    0.14    0.16
             928      045e512c  0.00   0.06    0.14   ce602527  0.00    0.00    0.12
             929      b775ac94  0.00   0.03    0.12   8eb1be9a  0.00    0.03    0.07
             930      fcb5c309  0.00   0.00    0.06   a61ba2ce  0.00    0.00    0.06
             931     36d67576   0.00   0.04    0.06   846bdb03  0.00    0.00    0.05
             932     234bbc79   0.00   0.00    0.05   e40b9e2f  0.00    0.02    0.05
             933      57aa92db  0.00   0.03    0.05   5117e062  0.00    0.00    0.04
             934      8efcae92  0.00   0.00    0.04   72322fa7  0.00    0.02    0.04
             935      623ea044  0.00   0.02    0.04   4938f0c2  0.00    0.07    0.04
                     3bd67248   0.00   0.08    0.04   48d8fb45  0.00    0.00    0.03
             936      a87f7484  0.00   0.00    0.03   447fd412  0.00    0.01    0.03
             937     e6721834   0.00   0.01    0.03   4c5c2cf0  0.00    0.08    0.03
             938     be94b721   0.00   0.00    0.02   a8c38be5  0.00    0.00    0.02
             939      d07ae81c  0.00   0.00    0.01   97a05b5b  0.00    0.01    0.01
             940     99b1bc43   0.00   0.00    0.00   137eaa0f  0.00    0.00    0.00
             941      c8cbb738  0.00   0.00    0.00   e5062a87  0.00    0.00    0.00
             942     60b61512   0.01   0.83    1.00   e8593010  0.01    0.83    1.00
             943      a79310a0  0.01   0.98    1.00   d43fd935  0.01    0.98    1.00
             944      253bf280  0.01   0.99    1.00   dbc1a6ce  0.01    1.00    1.00
             945     4c4377d9   0.01   1.00    1.00   8be77c9e  0.01    1.00    1.00
             946      77fdfe62  0.01   1.00    1.00   ed36ccf7  0.01    1.00    1.00
                      25ff71a9  0.01   1.00    1.00   f5b8619d  0.01    1.00    1.00
             947      dc1df850  0.01   1.00    1.00   10fcaaa3  0.01    0.99    0.99
             948      178fcbfb  0.01   1.00    0.99   3428a4f5  0.01    0.79    0.98
             949      11852cab  0.01   0.92    0.98   4612dd53  0.01    0.96    0.98
             950      fcc82909  0.01   0.96    0.97   dc433765  0.01    0.91    0.96
             951     39a8645d   0.01   0.01    0.94    6fa7a44f 0.01    1.00    0.94
             952      834ec97d  0.01   0.94    0.93   321b1fc6  0.01    0.55    0.92
             953      4522001f  0.01   0.22    0.88   88a62173  0.01    0.97    0.85
             954      d9f24cd1  0.01   0.67    0.74   a65b410d  0.01    0.69    0.74
             955      9edfc990  0.01   0.33    0.48   6455b5f5  0.01    0.22    0.27
             956      72ca375d  0.01   0.01    0.14   3f7978a0  0.01    0.04    0.14
             957      f9012d9b  0.01   0.02    0.02   0e206a2e  0.01    0.02    0.02
                      a8d7556c  0.02   0.93    1.00   74dd1130  0.02    1.00    1.00
             958      d13f3404  0.02   1.00    1.00   6d0aefbc  0.02    1.00    1.00
             959      c9e6f938  0.02   1.00    1.00   913fb3ed  0.02    1.00    1.00
             960      41e4d17e  0.02   0.83    0.99   94f9d214  0.02    0.74    0.96
             961      83302e8f  0.02   0.75    0.94   b94a9452  0.02    0.45    0.85
             962      1f85a75f  0.02   0.03    0.81   b6afb2da  0.02    1.00    0.77
             963      6e82a1ae  0.02   0.24    0.63   00d62c1b  0.02    0.46    0.63
             964     82819916   0.02   0.20    0.60   63613498  0.02    0.02    0.16
             965      228f6490  0.02   0.03    0.06   09629e4f  0.02    0.02    0.03
             966     6d75e8bb   0.03   0.99    1.00   bc1d5164  0.03    1.00    1.00
             967      bdad9b1f  0.03   1.00    1.00   eb281b96  0.03    1.00    1.00
             968      e26a3af2  0.03   0.92    0.99   8d510a79  0.03    0.99    0.99
                      f2829549  0.03   0.89    0.98   6430c8c4  0.03    0.89    0.98
             969      f25fbde4  0.03   0.02    0.96    fafffa47 0.03    0.92    0.94
             970
             971
                                                    18
