                   Under review as a conference paper at ICLR 2025
             972
             973
             974
             975                    Table 4: Model accuracies across tasks (300/400)
             976       Task     ViT   ViTARC  ViTARC    Task    ViT    ViTARC  ViTARC
             977              -Vanilla -VT                     -Vanilla -VT
             978     6773b310   0.03   0.78    0.91   a740d043  0.03    0.84    0.84
             979     56dc2b01   0.03   0.43    0.58   d2abd087  0.03    0.09    0.15
             980      681b3aeb  0.03   0.04    0.05   5bd6f4ac  0.04    1.00    1.00
             981     8d5021e8   0.04   1.00    1.00   3c9b0459  0.04    1.00    1.00
             982     6150a2bd   0.04   1.00    1.00   62c24649  0.04    1.00    0.99
             983      3af2c5a8  0.04   1.00    0.99   1a07d186  0.04    0.84    0.98
             984     855e0971   0.04   0.96    0.98   4258a5f9  0.04    0.97    0.98
             985      3aa6fb7a  0.04   1.00    0.98   6d0160f0  0.04    0.03    0.97
             986      29ec7d0e  0.04   0.62    0.83   ae4f1146  0.04    0.14    0.67
             987      760b3cac  0.04   0.66    0.64   29623171  0.04    0.37    0.44
             988      673ef223  0.04   0.30    0.26   2281f1f4  0.05    1.00    1.00
             989      cf98881b  0.05   1.00    1.00   ce4f8723  0.05    0.97    0.99
                     6c434453   0.05   0.93    0.96   c1d99e64  0.05    0.99    0.95
             990      2dc579da  0.05   0.38    0.69   c909285e  0.05    0.20    0.58
             991     73251a56   0.05   0.66    0.39   776ffc46  0.05    0.03    0.16
             992     3345333e   0.05   0.08    0.14   beb8660c  0.05    0.09    0.09
             993      80af3007  0.06   0.98    1.00   7f4411dc  0.06    0.95    0.99
             994     32597951   0.06   0.98    0.99   7468f01a  0.06    0.42    0.84
             995     810b9b61   0.06   0.70    0.82   a5313dff  0.06    0.61    0.76
             996      ef135b50  0.07   0.99    1.00   dae9d2b5  0.07    0.95    0.97
             997     1c786137   0.07   0.05    0.75   d8c310e9  0.07    0.72    0.74
             998     d22278a0   0.07   0.70    0.66   d0f5fe59  0.08    0.09    1.00
             999     d5d6de2d   0.08   0.98    1.00   a416b8f3  0.08    1.00    1.00
             1000     1f642eb9  0.08   1.00    1.00   c444b776  0.08    0.96    0.99
                      cbded52d  0.08   0.97    0.97   780d0b14  0.08    0.97    0.96
             1001    0b148d64   0.08   0.26    0.62   b782dc8a  0.08    0.30    0.28
             1002     9f236235  0.09   0.98    0.88   0dfd9992  0.09    0.67    0.84
             1003     7837ac64  0.09   0.82    0.82   aabf363d  0.09    0.12    0.73
             1004     b8cdaf2b  0.09   0.64    0.61   a61f2674  0.10    0.75    0.84
             1005     ce9e57f2  0.10   0.75    0.83   7b6016b9  0.10    0.65    0.80
             1006     0520fde7  0.11   1.00    1.00   496994bd  0.11    1.00    0.97
             1007     150deff5  0.11   0.91    0.95   25d8a9c8  0.12    0.46    1.00
             1008     1b2d62fb  0.12   0.99    1.00   1bfc4729  0.12    1.00    1.00
             1009     3618c87e  0.12   0.98    0.99   90f3ed37  0.12    0.83    0.84
             1010     484b58aa  0.12   0.54    0.66   662c240a  0.12    0.77    0.42
             1011    b2862040   0.12   0.30    0.39   d90796e8  0.13    1.00    1.00
                      6a1e5592  0.13   0.18    0.22   42a50994  0.14    0.98    1.00
             1012     2bee17df  0.14   0.99    1.00   67e8384a  0.14    1.00    1.00
             1013     017c7c7b  0.14   0.95    0.99   a3325580  0.14    0.01    0.00
             1014     ddf7fa4f  0.15   0.78    0.95   23b5c85d  0.16    0.03    0.24
             1015    05269061   0.16   0.12    0.22   22168020  0.17    1.00    1.00
             1016    23581191   0.17   0.92    0.96   53b68214  0.17    0.94    0.96
             1017    7e0986d6   0.18   0.97    1.00   b190f7f5  0.18    0.97    0.98
             1018     a3df8b1e  0.18   0.14    0.22   ea786f4a  0.19    0.98    0.98
             1019     28bf18c6  0.19   0.07    0.81   3eda0437  0.19    0.68    0.69
             1020     22eb0ac0  0.20   0.96    1.00   3631a71a  0.20    0.99    1.00
             1021     aedd82e4  0.20   1.00    1.00   025d127b  0.20    1.00    1.00
             1022     08ed6ac7  0.20   0.99    0.95   44d8ac46  0.20    0.59    0.86
                      ff805c23  0.21   0.10    0.28   e179c5f4  0.22    0.01    0.01
             1023     1cf80156  0.23   0.12    0.83    f8ff0b80 0.23    0.33    0.65
             1024
             1025
                                                    19
