                   Under review as a conference paper at ICLR 2025
             864
             865
             866
             867                    Table 2: Model accuracies across tasks (100/400)
             868       Task     ViT   ViTARC  ViTARC    Task    ViT    ViTARC  ViTARC
             869              -Vanilla -VT                     -Vanilla -VT
             870      ce22a75a  0.00   0.94    1.00   444801d8  0.00    0.98    1.00
             871      1f876c06  0.00   0.99    1.00   b27ca6d3  0.00    0.99    1.00
             872     68b16354   0.00   0.99    1.00    2c608aff 0.00    1.00    1.00
             873     d037b0a7   0.00   1.00    1.00   0ca9ddb6  0.00    1.00    1.00
             874      543a7ed5  0.00   1.00    1.00   952a094c  0.00    1.00    1.00
             875      af902bf9  0.00   1.00    1.00   49d1d64f  0.00    1.00    1.00
             876     0962bcdd   0.00   1.00    1.00   d364b489  0.00    1.00    1.00
             877     b60334d2   0.00   1.00    1.00   a9f96cdd  0.00    1.00    1.00
             878     95990924   0.00   1.00    1.00   54d82841  0.00    0.80    0.99
             879     25d487eb   0.00   0.95    0.99   5c0a986e  0.00    0.96    0.99
             880     d687bc17   0.00   0.97    0.99   363442ee  0.00    0.98    0.99
             881     6cdd2623   0.00   0.98    0.99   db93a21d  0.00    0.93    0.97
                     5168d44c   0.00   0.94    0.97   3befdf3e  0.00    0.97    0.97
             882     22233c11   0.00   0.97    0.97   67a3c6ac  0.00    1.00    0.97
             883      ae3edfdc  0.00   0.72    0.96   ded97339  0.00    0.92    0.96
             884      a2fd1cf0  0.00   0.95    0.96   d4a91cb9  0.00    0.98    0.96
             885      d4f3cd78  0.00   0.99    0.96   6cf79266  0.00    0.96    0.95
             886      e98196ab  0.00   0.99    0.95    56ff96f3 0.00    0.90    0.94
             887      694f12f3  0.00   0.91    0.94   93b581b8  0.00    0.99    0.94
             888      39e1d7f9  0.00   0.42    0.93   8403a5d5  0.00    1.00    0.93
             889      ecdecbb3  0.00   0.76    0.92   31aa019c  0.00    0.82    0.90
             890      ec883f72  0.00   0.87    0.90   36fdfd69  0.00    0.75    0.89
             891     b7249182   0.00   0.74    0.88   e9614598  0.00    0.86    0.88
             892      e76a88a6  0.00   0.00    0.87   3ac3eb23  0.00    0.71    0.87
                      a64e4611  0.00   0.98    0.87   50846271  0.00    0.84    0.86
             893     928ad970   0.00   0.97    0.86   40853293  0.00    0.99    0.86
             894      6ecd11f4  0.00   0.00    0.84   b527c5c6  0.00    0.66    0.84
             895      1e0a9b12  0.00   0.69    0.84   7ddcd7ec  0.00    0.75    0.84
             896     2013d3e2   0.00   0.95    0.84   e50d258f  0.00    0.70    0.83
             897      1caeab9d  0.00   0.42    0.82   5ad4f10b  0.00    0.62    0.82
             898      98cf29f8  0.00   0.66    0.82   264363fd  0.00    0.79    0.82
             899     5521c0d9   0.00   0.75    0.79   0a938d79  0.00    0.86    0.78
             900      f8a8fe49  0.00   0.68    0.74   a48eeaf7  0.00    0.76    0.73
             901      aba27056  0.00   0.59    0.70   2bcee788  0.00    0.64    0.70
             902      47c1f68c  0.00   0.45    0.68   b548a754  0.00    0.95    0.68
             903     890034e9   0.00   0.59    0.67   508bd3b6  0.00    0.66    0.64
                      6aa20dc0  0.00   0.33    0.63   2dd70a9a  0.00    0.33    0.59
             904     7c008303   0.00   0.48    0.58   6d58a25d  0.00    0.33    0.56
             905      f8c80d96  0.00   0.13    0.55   6855a6e4  0.00    0.44    0.51
             906      4093f84a  0.00   0.31    0.49   90c28cc7  0.00    0.42    0.48
             907      db3e9e38  0.00   0.34    0.47   05f2a901  0.00    0.04    0.46
             908      5c2c9af4  0.00   0.51    0.46   d06dbe63  0.00    0.57    0.46
             909      5daaa586  0.00   0.17    0.43    f1cefba8 0.00    0.19    0.43
             910     3906de3d   0.00   0.28    0.42   caa06a1f  0.00    0.19    0.41
             911     75b8110e   0.00   0.62    0.40   e8dc4411  0.00    0.28    0.39
             912     8731374e   0.00   0.22    0.38   e48d4e1a  0.00    0.30    0.38
             913      f35d900a  0.00   0.65    0.38    f15e1fac 0.00    0.10    0.37
             914      6e19193c  0.00   0.12    0.37   3de23699  0.00    0.00    0.35
                      6b9890af  0.00   0.00    0.35   a78176bb  0.00    0.26    0.32
             915      1b60fb0c  0.00   0.14    0.28   e509e548  0.00    0.02    0.27
             916
             917
                                                    17
