                         Under review as a conference paper at ICLR 2025
                 1188
                 1189
                 1190
                 1191
                 1192    Table 8: Exact Match Scores for each task on 100 sampled tasks across different models and abla-
                 1193    tions.
                 1194        Task     ViT-Vanilla  ViTARC    −BorderTokens   ViTARC     −PEmixer   −RPE −OPE
                 1195                                -VT
                 1196      8d5021e8      0.04        1.00         1.00         1.00       1.00      0.96    1.00
                 1197      6150a2bd      0.04        1.00         0.57         1.00       0.69      1.00    1.00
                 1198      3af2c5a8      0.04        1.00         1.00         0.99       1.00      1.00    0.98
                 1199      6d0160f0      0.04        0.03         0.93         0.97       0.02      0.98    0.56
                           29ec7d0e      0.04        0.62         0.69         0.83       0.64      0.88    0.64
                 1200      760b3cac      0.04        0.66         0.60         0.64       0.11      0.78    0.47
                 1201      6c434453      0.05        0.93         0.92         0.96       0.41      0.93    0.91
                 1202      c1d99e64      0.05        0.99         0.92         0.95       0.90      0.95    0.96
                 1203      2dc579da      0.05        0.38         0.55         0.69       0.43      0.71    0.16
                 1204      beb8660c      0.05        0.09         0.06         0.09       0.08      0.13    0.06
                 1205      7f4411dc      0.06        0.95         0.98         0.99       0.90      1.00    0.97
                 1206      32597951      0.06        0.98         0.98         0.99       0.97      1.00    0.99
                           1c786137      0.07        0.05         0.76         0.75       0.05      0.80    0.44
                 1207      d5d6de2d      0.08        0.98         1.00         1.00       0.30      0.99    0.92
                 1208      1f642eb9      0.08        1.00         0.92         1.00       0.89      1.00    0.98
                 1209      c444b776      0.08        0.96         0.98         0.99       0.93      0.98    0.82
                 1210      0dfd9992      0.09        0.67         0.82         0.84       0.73      0.83    0.66
                 1211      7837ac64      0.09        0.82         0.85         0.82       0.85      0.79    0.60
                 1212      a61f2674      0.10        0.75         0.71         0.84       0.84      0.86    0.54
                           ce9e57f2      0.10        0.75         0.80         0.83       0.76      0.71    0.50
                 1213      b2862040      0.12        0.30         0.35         0.39       0.34      0.39    0.32
                 1214      d90796e8      0.13        1.00         1.00         1.00       0.85      1.00    1.00
                 1215      42a50994      0.14        0.98         0.97         1.00       0.82      0.99    0.24
                 1216      2bee17df      0.14        0.99         1.00         1.00       0.01      1.00    0.98
                 1217      ddf7fa4f      0.15        0.78         0.87         0.95       0.86      0.81    0.85
                 1218      7e0986d6      0.18        0.97         1.00         1.00       1.00      0.99    0.99
                 1219      ea786f4a      0.19        0.98         0.99         0.98       0.39      0.99    0.99
                           44d8ac46      0.20        0.59         0.70         0.86       0.79      0.74    0.63
                 1220      868de0fa      0.24        1.00         1.00         1.00       1.00      0.99    1.00
                 1221      dc0a314f      0.24        0.14         0.24         0.24       0.28      0.35    0.01
                 1222      9af7a82c      0.26        0.00         0.00         0.00       0.00      0.00    0.00
                 1223      99fa7670      0.29        1.00         1.00         1.00       0.97      1.00    1.00
                 1224      b0c4d837      0.29        0.21         0.91         0.97       0.21      0.93    0.13
                 1225      d89b689b      0.41        0.96         0.97         0.98       0.93      0.98    0.38
                           de1cd16c      0.41        0.37         0.97         0.97       0.60      0.96    0.38
                 1226      a68b268e      0.44        1.00         0.93         1.00       1.00      1.00    0.98
                 1227      d406998b      0.46        0.98         1.00         1.00       0.39      1.00    0.73
                 1228      c3f564a4      0.52        0.94         0.94         1.00       0.88      1.00    0.92
                 1229      44f52bb0      0.57        0.55         0.78         0.84       0.66      0.66    0.54
                 1230      ac0a08a4      0.61        0.99         0.98         1.00       1.00      1.00    1.00
                 1231      cce03e0d      0.64        1.00         1.00         1.00       1.00      1.00    1.00
                 1232      007bbfb7      0.65        0.99         1.00         1.00       0.84      1.00    1.00
                           91413438      0.65        0.38         0.34         0.32       0.33      0.32    0.92
                 1233      d631b094      0.66        0.41         0.43         0.64       0.64      0.73    0.05
                 1234      445eab21      0.86        0.92         0.97         0.96       0.92      0.92    0.90
                 1235      46f33fce      0.96        1.00         1.00         1.00       0.84      1.00    1.00
                 1236      5582e5ca      0.98        0.95         1.00         0.99       0.98      0.97    0.96
                 1237      c8f0f002      0.99        1.00         1.00         1.00       1.00      1.00    1.00
                 1238      995c5fa3      1.00        0.00         1.00         1.00       1.00      0.02    1.00
                           6e02f1e3      1.00        1.00         0.89         1.00       1.00      1.00    0.96
                 1239
                 1240
                 1241
                                                                     23
